<?xml version="1.0" encoding="UTF-8" standalone="no" ?>
<COLLADA xmlns="http://www.collada.org/2005/11/COLLADASchema" version="1.4.1">
    <asset>
        <contributor>
            <author>Hardoyo</author>
            <authoring_tool>SketchUp 8.0.11752</authoring_tool>
        </contributor>
        <created>2017-03-25T04:59:37Z</created>
        <modified>2017-03-25T04:59:37Z</modified>
        <unit meter="0.0254" name="inch" />
        <up_axis>Z_UP</up_axis>
    </asset>
    <library_cameras>
        <camera id="ID1" name="skp_camera_Last_Saved_SketchUp_View">
            <optics>
                <technique_common>
                    <perspective>
                        <yfov>35</yfov>
                        <aspect_ratio>0</aspect_ratio>
                        <znear>1</znear>
                        <zfar>1000</zfar>
                    </perspective>
                </technique_common>
            </optics>
        </camera>
    </library_cameras>
    <library_visual_scenes>
        <visual_scene id="ID2">
            <node name="SketchUp">
                <node name="skp_camera_Last_Saved_SketchUp_View">
                    <matrix>0.6998851 0.5263713 -0.4827982 -17.77218 -0.7142555 0.515781 -0.4730846 -17.25923 -5.551115e-17 0.6759461 0.7369511 43.86231 0 0 0 1</matrix>
                    <instance_camera url="#ID1" />
                </node>
                <node id="ID3" name="group_0">
                    <matrix>1 0 0 -5.390551 0 1 0 -3.005204 0 0 1 0.1065613 0 0 0 1</matrix>
                    <node id="ID4" name="group_1">
                        <matrix>1 0 0 2.070386 0 1 0 0 0 0 1 23.49133 0 0 0 1</matrix>
                        <node id="ID5" name="group_2">
                            <matrix>1 0 0 0 0 1 0 0 0 0 1 0.5862356 0 0 0 1</matrix>
                            <node id="ID6" name="group_3">
                                <matrix>1 0 0 0 0 1 0 0 0 0 1 0 0 0 0 1</matrix>
                                <node id="ID7" name="group_4">
                                    <matrix>1 0 0 0.9365163 -0 0.9659258 0.258819 3.56785 0 -0.258819 0.9659258 0.2650001 0 0 0 1</matrix>
                                    <instance_geometry url="#ID8">
                                        <bind_material>
                                            <technique_common>
                                                <instance_material symbol="Material2" target="#ID9">
                                                    <bind_vertex_input semantic="UVSET0" input_semantic="TEXCOORD" input_set="0" />
                                                </instance_material>
                                                <instance_material symbol="Material3" target="#ID15">
                                                    <bind_vertex_input semantic="UVSET0" input_semantic="TEXCOORD" input_set="0" />
                                                </instance_material>
                                            </technique_common>
                                        </bind_material>
                                    </instance_geometry>
                                </node>
                                <node id="ID20" name="group_5">
                                    <matrix>-1.83697e-16 0.9659258 0.258819 4.197771 -1 -1.774377e-16 -4.754429e-17 5.388853 6.162976e-33 -0.258819 0.9659258 0.0681497 0 0 0 1</matrix>
                                    <instance_geometry url="#ID21">
                                        <bind_material>
                                            <technique_common>
                                                <instance_material symbol="Material2" target="#ID9">
                                                    <bind_vertex_input semantic="UVSET0" input_semantic="TEXCOORD" input_set="0" />
                                                </instance_material>
                                                <instance_material symbol="Material3" target="#ID15">
                                                    <bind_vertex_input semantic="UVSET0" input_semantic="TEXCOORD" input_set="0" />
                                                </instance_material>
                                            </technique_common>
                                        </bind_material>
                                    </instance_geometry>
                                </node>
                                <node id="ID29" name="group_6">
                                    <matrix>6.123234e-17 -0.9659258 -0.258819 2.442559 1 5.91459e-17 1.58481e-17 0.6215557 1.232595e-32 -0.258819 0.9659258 0.0681497 0 0 0 1</matrix>
                                    <instance_geometry url="#ID30">
                                        <bind_material>
                                            <technique_common>
                                                <instance_material symbol="Material2" target="#ID9">
                                                    <bind_vertex_input semantic="UVSET0" input_semantic="TEXCOORD" input_set="0" />
                                                </instance_material>
                                                <instance_material symbol="Material3" target="#ID15">
                                                    <bind_vertex_input semantic="UVSET0" input_semantic="TEXCOORD" input_set="0" />
                                                </instance_material>
                                            </technique_common>
                                        </bind_material>
                                    </instance_geometry>
                                </node>
                                <node id="ID38" name="group_7">
                                    <matrix>-1 -1.182918e-16 -3.169619e-17 5.703814 1.224647e-16 -0.9659258 -0.258819 2.442559 1.232595e-32 -0.258819 0.9659258 0.2650001 0 0 0 1</matrix>
                                    <instance_geometry url="#ID39">
                                        <bind_material>
                                            <technique_common>
                                                <instance_material symbol="Material2" target="#ID9">
                                                    <bind_vertex_input semantic="UVSET0" input_semantic="TEXCOORD" input_set="0" />
                                                </instance_material>
                                                <instance_material symbol="Material3" target="#ID15">
                                                    <bind_vertex_input semantic="UVSET0" input_semantic="TEXCOORD" input_set="0" />
                                                </instance_material>
                                            </technique_common>
                                        </bind_material>
                                    </instance_geometry>
                                </node>
                            </node>
                            <node id="ID47" name="group_8">
                                <matrix>0.5444722 0.5444722 0 -0.1238229 -0.5444722 0.5444722 0 3.176692 0 0 0.924 0.802209 0 0 0 1</matrix>
                                <node id="ID48" name="group_4">
                                    <matrix>1 0 0 0.9365163 -0 0.9659258 0.258819 3.56785 0 -0.258819 0.9659258 0.2650001 0 0 0 1</matrix>
                                    <instance_geometry url="#ID49">
                                        <bind_material>
                                            <technique_common>
                                                <instance_material symbol="Material2" target="#ID9">
                                                    <bind_vertex_input semantic="UVSET0" input_semantic="TEXCOORD" input_set="0" />
                                                </instance_material>
                                                <instance_material symbol="Material3" target="#ID15">
                                                    <bind_vertex_input semantic="UVSET0" input_semantic="TEXCOORD" input_set="0" />
                                                </instance_material>
                                            </technique_common>
                                        </bind_material>
                                    </instance_geometry>
                                </node>
                                <node id="ID57" name="group_5">
                                    <matrix>-1.83697e-16 0.9659258 0.258819 4.197771 -1 -1.774377e-16 -4.754429e-17 5.388853 6.162976e-33 -0.258819 0.9659258 0.0681497 0 0 0 1</matrix>
                                    <instance_geometry url="#ID58">
                                        <bind_material>
                                            <technique_common>
                                                <instance_material symbol="Material2" target="#ID9">
                                                    <bind_vertex_input semantic="UVSET0" input_semantic="TEXCOORD" input_set="0" />
                                                </instance_material>
                                                <instance_material symbol="Material3" target="#ID15">
                                                    <bind_vertex_input semantic="UVSET0" input_semantic="TEXCOORD" input_set="0" />
                                                </instance_material>
                                            </technique_common>
                                        </bind_material>
                                    </instance_geometry>
                                </node>
                                <node id="ID66" name="group_6">
                                    <matrix>6.123234e-17 -0.9659258 -0.258819 2.442559 1 5.91459e-17 1.58481e-17 0.6215557 1.232595e-32 -0.258819 0.9659258 0.0681497 0 0 0 1</matrix>
                                    <instance_geometry url="#ID67">
                                        <bind_material>
                                            <technique_common>
                                                <instance_material symbol="Material2" target="#ID9">
                                                    <bind_vertex_input semantic="UVSET0" input_semantic="TEXCOORD" input_set="0" />
                                                </instance_material>
                                                <instance_material symbol="Material3" target="#ID15">
                                                    <bind_vertex_input semantic="UVSET0" input_semantic="TEXCOORD" input_set="0" />
                                                </instance_material>
                                            </technique_common>
                                        </bind_material>
                                    </instance_geometry>
                                </node>
                                <node id="ID75" name="group_7">
                                    <matrix>-1 -1.182918e-16 -3.169619e-17 5.703814 1.224647e-16 -0.9659258 -0.258819 2.442559 1.232595e-32 -0.258819 0.9659258 0.2650001 0 0 0 1</matrix>
                                    <instance_geometry url="#ID76">
                                        <bind_material>
                                            <technique_common>
                                                <instance_material symbol="Material2" target="#ID9">
                                                    <bind_vertex_input semantic="UVSET0" input_semantic="TEXCOORD" input_set="0" />
                                                </instance_material>
                                                <instance_material symbol="Material3" target="#ID15">
                                                    <bind_vertex_input semantic="UVSET0" input_semantic="TEXCOORD" input_set="0" />
                                                </instance_material>
                                            </technique_common>
                                        </bind_material>
                                    </instance_geometry>
                                </node>
                            </node>
                            <node id="ID84" name="group_9">
                                <matrix>-0.4455836 -1.64313e-16 0 4.799576 1.64313e-16 -0.4455836 0 4.344274 0 0 0.7325394 1.863975 0 0 0 1</matrix>
                                <node id="ID85" name="group_4">
                                    <matrix>1 0 0 0.9365163 -0 0.9659258 0.258819 3.56785 0 -0.258819 0.9659258 0.2650001 0 0 0 1</matrix>
                                    <instance_geometry url="#ID86">
                                        <bind_material>
                                            <technique_common>
                                                <instance_material symbol="Material2" target="#ID9">
                                                    <bind_vertex_input semantic="UVSET0" input_semantic="TEXCOORD" input_set="0" />
                                                </instance_material>
                                                <instance_material symbol="Material3" target="#ID15">
                                                    <bind_vertex_input semantic="UVSET0" input_semantic="TEXCOORD" input_set="0" />
                                                </instance_material>
                                            </technique_common>
                                        </bind_material>
                                    </instance_geometry>
                                </node>
                                <node id="ID94" name="group_5">
                                    <matrix>-1.83697e-16 0.9659258 0.258819 4.197771 -1 -1.774377e-16 -4.754429e-17 5.388853 6.162976e-33 -0.258819 0.9659258 0.0681497 0 0 0 1</matrix>
                                    <instance_geometry url="#ID95">
                                        <bind_material>
                                            <technique_common>
                                                <instance_material symbol="Material2" target="#ID9">
                                                    <bind_vertex_input semantic="UVSET0" input_semantic="TEXCOORD" input_set="0" />
                                                </instance_material>
                                                <instance_material symbol="Material3" target="#ID15">
                                                    <bind_vertex_input semantic="UVSET0" input_semantic="TEXCOORD" input_set="0" />
                                                </instance_material>
                                            </technique_common>
                                        </bind_material>
                                    </instance_geometry>
                                </node>
                                <node id="ID103" name="group_6">
                                    <matrix>6.123234e-17 -0.9659258 -0.258819 2.442559 1 5.91459e-17 1.58481e-17 0.6215557 1.232595e-32 -0.258819 0.9659258 0.0681497 0 0 0 1</matrix>
                                    <instance_geometry url="#ID104">
                                        <bind_material>
                                            <technique_common>
                                                <instance_material symbol="Material2" target="#ID9">
                                                    <bind_vertex_input semantic="UVSET0" input_semantic="TEXCOORD" input_set="0" />
                                                </instance_material>
                                                <instance_material symbol="Material3" target="#ID15">
                                                    <bind_vertex_input semantic="UVSET0" input_semantic="TEXCOORD" input_set="0" />
                                                </instance_material>
                                            </technique_common>
                                        </bind_material>
                                    </instance_geometry>
                                </node>
                                <node id="ID112" name="group_7">
                                    <matrix>-1 -1.182918e-16 -3.169619e-17 5.703814 1.224647e-16 -0.9659258 -0.258819 2.442559 1.232595e-32 -0.258819 0.9659258 0.2650001 0 0 0 1</matrix>
                                    <instance_geometry url="#ID113">
                                        <bind_material>
                                            <technique_common>
                                                <instance_material symbol="Material2" target="#ID9">
                                                    <bind_vertex_input semantic="UVSET0" input_semantic="TEXCOORD" input_set="0" />
                                                </instance_material>
                                                <instance_material symbol="Material3" target="#ID15">
                                                    <bind_vertex_input semantic="UVSET0" input_semantic="TEXCOORD" input_set="0" />
                                                </instance_material>
                                            </technique_common>
                                        </bind_material>
                                    </instance_geometry>
                                </node>
                            </node>
                            <node id="ID121" name="group_10">
                                <matrix>-0.4257773 0.4257773 0 3.454268 -0.4257773 -0.4257773 0 5.698403 0 0 0.722568 1.503486 0 0 0 1</matrix>
                                <node id="ID122" name="group_4">
                                    <matrix>1 0 0 0.9365163 -0 0.9659258 0.258819 3.56785 0 -0.258819 0.9659258 0.2650001 0 0 0 1</matrix>
                                    <instance_geometry url="#ID123">
                                        <bind_material>
                                            <technique_common>
                                                <instance_material symbol="Material2" target="#ID9">
                                                    <bind_vertex_input semantic="UVSET0" input_semantic="TEXCOORD" input_set="0" />
                                                </instance_material>
                                                <instance_material symbol="Material3" target="#ID15">
                                                    <bind_vertex_input semantic="UVSET0" input_semantic="TEXCOORD" input_set="0" />
                                                </instance_material>
                                            </technique_common>
                                        </bind_material>
                                    </instance_geometry>
                                </node>
                                <node id="ID131" name="group_5">
                                    <matrix>-1.83697e-16 0.9659258 0.258819 4.197771 -1 -1.774377e-16 -4.754429e-17 5.388853 6.162976e-33 -0.258819 0.9659258 0.0681497 0 0 0 1</matrix>
                                    <instance_geometry url="#ID132">
                                        <bind_material>
                                            <technique_common>
                                                <instance_material symbol="Material2" target="#ID9">
                                                    <bind_vertex_input semantic="UVSET0" input_semantic="TEXCOORD" input_set="0" />
                                                </instance_material>
                                                <instance_material symbol="Material3" target="#ID15">
                                                    <bind_vertex_input semantic="UVSET0" input_semantic="TEXCOORD" input_set="0" />
                                                </instance_material>
                                            </technique_common>
                                        </bind_material>
                                    </instance_geometry>
                                </node>
                                <node id="ID140" name="group_6">
                                    <matrix>6.123234e-17 -0.9659258 -0.258819 2.442559 1 5.91459e-17 1.58481e-17 0.6215557 1.232595e-32 -0.258819 0.9659258 0.0681497 0 0 0 1</matrix>
                                    <instance_geometry url="#ID141">
                                        <bind_material>
                                            <technique_common>
                                                <instance_material symbol="Material2" target="#ID9">
                                                    <bind_vertex_input semantic="UVSET0" input_semantic="TEXCOORD" input_set="0" />
                                                </instance_material>
                                                <instance_material symbol="Material3" target="#ID15">
                                                    <bind_vertex_input semantic="UVSET0" input_semantic="TEXCOORD" input_set="0" />
                                                </instance_material>
                                            </technique_common>
                                        </bind_material>
                                    </instance_geometry>
                                </node>
                                <node id="ID149" name="group_7">
                                    <matrix>-1 -1.182918e-16 -3.169619e-17 5.703814 1.224647e-16 -0.9659258 -0.258819 2.442559 1.232595e-32 -0.258819 0.9659258 0.2650001 0 0 0 1</matrix>
                                    <instance_geometry url="#ID150">
                                        <bind_material>
                                            <technique_common>
                                                <instance_material symbol="Material2" target="#ID9">
                                                    <bind_vertex_input semantic="UVSET0" input_semantic="TEXCOORD" input_set="0" />
                                                </instance_material>
                                                <instance_material symbol="Material3" target="#ID15">
                                                    <bind_vertex_input semantic="UVSET0" input_semantic="TEXCOORD" input_set="0" />
                                                </instance_material>
                                            </technique_common>
                                        </bind_material>
                                    </instance_geometry>
                                </node>
                            </node>
                            <node id="ID158" name="group_11">
                                <matrix>-0.3208202 -1.183054e-16 0 4.385341 1.183054e-16 -0.3208202 0 3.969334 0 0 -0.5274284 4.181584 0 0 0 1</matrix>
                                <node id="ID159" name="group_4">
                                    <matrix>1 0 0 0.9365163 -0 0.9659258 0.258819 3.56785 0 -0.258819 0.9659258 0.2650001 0 0 0 1</matrix>
                                    <instance_geometry url="#ID160">
                                        <bind_material>
                                            <technique_common>
                                                <instance_material symbol="Material2" target="#ID9">
                                                    <bind_vertex_input semantic="UVSET0" input_semantic="TEXCOORD" input_set="0" />
                                                </instance_material>
                                                <instance_material symbol="Material3" target="#ID15">
                                                    <bind_vertex_input semantic="UVSET0" input_semantic="TEXCOORD" input_set="0" />
                                                </instance_material>
                                            </technique_common>
                                        </bind_material>
                                    </instance_geometry>
                                </node>
                                <node id="ID168" name="group_5">
                                    <matrix>-1.83697e-16 0.9659258 0.258819 4.197771 -1 -1.774377e-16 -4.754429e-17 5.388853 6.162976e-33 -0.258819 0.9659258 0.0681497 0 0 0 1</matrix>
                                    <instance_geometry url="#ID169">
                                        <bind_material>
                                            <technique_common>
                                                <instance_material symbol="Material2" target="#ID9">
                                                    <bind_vertex_input semantic="UVSET0" input_semantic="TEXCOORD" input_set="0" />
                                                </instance_material>
                                                <instance_material symbol="Material3" target="#ID15">
                                                    <bind_vertex_input semantic="UVSET0" input_semantic="TEXCOORD" input_set="0" />
                                                </instance_material>
                                            </technique_common>
                                        </bind_material>
                                    </instance_geometry>
                                </node>
                                <node id="ID177" name="group_6">
                                    <matrix>6.123234e-17 -0.9659258 -0.258819 2.442559 1 5.91459e-17 1.58481e-17 0.6215557 1.232595e-32 -0.258819 0.9659258 0.0681497 0 0 0 1</matrix>
                                    <instance_geometry url="#ID178">
                                        <bind_material>
                                            <technique_common>
                                                <instance_material symbol="Material2" target="#ID9">
                                                    <bind_vertex_input semantic="UVSET0" input_semantic="TEXCOORD" input_set="0" />
                                                </instance_material>
                                                <instance_material symbol="Material3" target="#ID15">
                                                    <bind_vertex_input semantic="UVSET0" input_semantic="TEXCOORD" input_set="0" />
                                                </instance_material>
                                            </technique_common>
                                        </bind_material>
                                    </instance_geometry>
                                </node>
                                <node id="ID186" name="group_7">
                                    <matrix>-1 -1.182918e-16 -3.169619e-17 5.703814 1.224647e-16 -0.9659258 -0.258819 2.442559 1.232595e-32 -0.258819 0.9659258 0.2650001 0 0 0 1</matrix>
                                    <instance_geometry url="#ID187">
                                        <bind_material>
                                            <technique_common>
                                                <instance_material symbol="Material2" target="#ID9">
                                                    <bind_vertex_input semantic="UVSET0" input_semantic="TEXCOORD" input_set="0" />
                                                </instance_material>
                                                <instance_material symbol="Material3" target="#ID15">
                                                    <bind_vertex_input semantic="UVSET0" input_semantic="TEXCOORD" input_set="0" />
                                                </instance_material>
                                            </technique_common>
                                        </bind_material>
                                    </instance_geometry>
                                </node>
                            </node>
                        </node>
                        <node id="ID195" name="group_12">
                            <matrix>0.823472 0 0 0.6657102 0 0.696784 0 0.7591272 0 0 1.1877 0 0 0 0 1</matrix>
                            <instance_geometry url="#ID196">
                                <bind_material>
                                    <technique_common>
                                        <instance_material symbol="Material2" target="#ID197">
                                            <bind_vertex_input semantic="UVSET0" input_semantic="TEXCOORD" input_set="0" />
                                        </instance_material>
                                        <instance_material symbol="Material3" target="#ID203">
                                            <bind_vertex_input semantic="UVSET0" input_semantic="TEXCOORD" input_set="0" />
                                        </instance_material>
                                    </technique_common>
                                </bind_material>
                            </instance_geometry>
                        </node>
                    </node>
                    <node id="ID208" name="group_13">
                        <matrix>1 0 0 0 0 1 0 2.768984 0 0 1 0 0 0 0 1</matrix>
                        <instance_geometry url="#ID209">
                            <bind_material>
                                <technique_common>
                                    <instance_material symbol="Material2" target="#ID197">
                                        <bind_vertex_input semantic="UVSET0" input_semantic="TEXCOORD" input_set="0" />
                                    </instance_material>
                                    <instance_material symbol="Material3" target="#ID203">
                                        <bind_vertex_input semantic="UVSET0" input_semantic="TEXCOORD" input_set="0" />
                                    </instance_material>
                                </technique_common>
                            </bind_material>
                        </instance_geometry>
                    </node>
                </node>
            </node>
        </visual_scene>
    </library_visual_scenes>
    <library_geometries>
        <geometry id="ID8">
            <mesh>
                <source id="ID11">
